$GPRMC,140841.00,V,,,,,,,161018,,,N*7A

$GPVTG,,,,,,,,,N*30

$GPGGA,140841.00,,,,,0,03,3.70,,,,,,*59

$GPGSA,A,1,23,07,09,,,,,,,,,,3.83,3.70,1.00*02

$GPGSV,3,1,11,01,10,147,,02,14,315,11,03,44,088,19,06,55,295,11*7A

$GPGSV,3,2,11,07,08,171,31,09,69,211,23,17,21,226,,19,32,252,*78

$GPGSV,3,3,11,22,24,097,,23,77,088,09,31,08,029,09*41

$GPGLL,,,,,140841.00,V,N*42

$GPRMC,140842.00,V,,,,,,,161018,,,N*79

$GPVTG,,,,,,,,,N*30

$GPGGA,140842.00,,,,,0,03,3.70,,,,,,*5A

$GPGSA,A,1,23,07,09,,,,,,,,,,3.83,3.70,1.00*02

$GPGSV,3,1,11,01,10,147,,02,14,315,11,03,44,088,20,06,55,295,14*75

$GPGSV,3,2,11,07,08,171,31,09,69,211,22,17,21,226,,19,32,252,*79

$GPGSV,3,3,11,22,24,097,,23,77,088,09,31,08,029,09*41

$GPGLL,,,,,140842.00,V,N*41

$GPRMC,140843.00,V,,,,,,,161018,,,N*78

$GPVTG,,,,,,,,,N*30

$GPGGA,140843.00,,,,,0,03,3.70,,,,,,*5B

$GPGSA,A,1,23,07,09,,,,,,,,,,3.83,3.70,1.00*02

$GPGSV,3,1,11,01,10,147,,02,14,315,13,03,44,088,20,06,55,295,16*75

$GPGSV,3,2,11,07,08,171,30,09,69,211,22,17,21,226,,19,32,252,*78

$GPGSV,3,3,11,22,24,097,,23,77,088,09,31,08,029,09*41

$GPGLL,,,,,140843.00,V,N*40

$GPRMC,140844.00,V,,,,,,,161018,,,N*7F

$GPVTG,,,,,,,,,N*30

$GPGGA,140844.00,,,,,0,03,3.70,,,,,,*5C

$GPGSA,A,1,23,07,09,,,,,,,,,,3.83,3.70,1.00*02

$GPGSV,3,1,11,01,10,147,,02,14,315,10,03,44,088,20,06,55,295,17*77

$GPGSV,3,2,11,07,08,171,29,09,69,211,21,17,21,226,,19,32,252,*73

$GPGSV,3,3,11,22,24,097,,23,77,088,08,31,07,029,11*46

$GPGLL,,,,,140844.00,V,N*47

$GPRMC,140845.00,V,,,,,,,161018,,,N*7E

$GPVTG,,,,,,,,,N*30

$GPGGA,140845.00,,,,,0,03,3.70,,,,,,*5D

$GPGSA,A,1,23,07,09,,,,,,,,,,3.83,3.70,1.00*02

$GPGSV,3,1,11,01,10,147,,02,14,315,09,03,44,088,20,06,55,295,15*7D

$GPGSV,3,2,11,07,08,171,28,09,69,211,19,17,21,226,,19,32,252,*79

$GPGSV,3,3,11,22,24,097,,23,77,088,08,31,07,029,11*46

$GPGLL,,,,,140845.00,V,N*46

$GPRMC,140846.00,A,4849.83873,N,00214.10436,E,18.725,242.82,161018,,,A*58

$GPVTG,242.82,T,,M,18.725,N,34.678,K,A*34

$GPGGA,140846.00,4849.83873,N,00214.10436,E,1,03,3.70,115.6,M,46.2,M,,*56

$GPGSA,A,2,23,07,09,,,,,,,,,,3.83,3.70,1.00*01

$GPGSV,3,1,11,01,10,147,,02,14,315,08,03,44,088,20,06,55,295,13*7A

$GPGSV,3,2,11,07,08,171,28,09,69,211,17,17,21,226,,19,32,252,*77

$GPGSV,3,3,11,22,24,097,,23,77,088,08,31,07,029,11*46

$GPGLL,4849.83873,N,00214.10436,E,140846.00,A,A*67

$GPRMC,140847.00,V,,,,,,,161018,,,N*7C

$GPVTG,,,,,,,,,N*30

$GPGGA,140847.00,,,,,0,00,99.99,,,,,,*68

$GPGSA,A,1,,,,,,,,,,,,,99.99,99.99,99.99*30

$GPGSV,3,1,11,01,10,147,,02,14,315,08,03,44,088,21,06,55,295,11*79

